<?xml version="1.0"?>
<opencv_storage>
<calibration_Time>"Tue 07 Feb 2017 09:35:10 AM EST"</calibration_Time>
<nrOfFrames>25</nrOfFrames>
<image_Width>640</image_Width>
<image_Height>480</image_Height>
<board_Width>7</board_Width>
<board_Height>7</board_Height>
<square_Size>50.</square_Size>
<FixAspectRatio>1.</FixAspectRatio>
<!-- flags:  +fix_aspectRatio +fix_principal_point +zero_tangent_dist -->
<flagValue>14</flagValue>
<Camera_Matrix type_id="opencv-matrix">
  <rows>3</rows>
  <cols>3</cols>
  <dt>d</dt>
  <data>
    8.1074291066009846e+02 0. 320. 0. 8.1074291066009846e+02 240. 0. 0.
    1.</data></Camera_Matrix>
<Distortion_Coefficients type_id="opencv-matrix">
  <rows>5</rows>
  <cols>1</cols>
  <dt>d</dt>
  <data>
    -4.7326711413793099e-01 6.2427360919209873e-01 0. 0.
    -9.9928024687363803e-01</data></Distortion_Coefficients>
<Avg_Reprojection_Error>3.0366258878140989e-01</Avg_Reprojection_Error>
<Per_View_Reprojection_Errors type_id="opencv-matrix">
  <rows>25</rows>
  <cols>1</cols>
  <dt>f</dt>
  <data>
    7.79761598e-02 8.38968605e-02 8.17539021e-02 2.08329305e-01
    5.42517364e-01 3.32860082e-01 1.63554192e-01 1.48248851e-01
    1.32192165e-01 3.30939561e-01 3.01728755e-01 1.90699860e-01
    3.00864965e-01 2.70315051e-01 1.77601069e-01 1.03375697e+00
    8.37356821e-02 8.11331198e-02 8.38686824e-02 1.41933709e-01
    2.01126397e-01 1.83417946e-01 3.40264320e-01 1.43423155e-01
    1.37172878e-01</data></Per_View_Reprojection_Errors>
<!-- a set of 6-tuples (rotation vector + translation vector) for each view -->
<Extrinsic_Parameters type_id="opencv-matrix">
  <rows>25</rows>
  <cols>6</cols>
  <dt>d</dt>
  <data>
    -2.1744747526536451e-01 -3.6320705991102736e-02
    1.0898933800312377e-01 -2.7839507460437204e+02
    -1.7858056936304726e+02 1.5181286776791687e+03
    -2.1862048835652964e-01 -3.1062995468023089e-02
    1.0353150704999438e-01 -2.8111506413395421e+02
    -1.7848364774370930e+02 1.5189001922144639e+03
    -2.2006871781513204e-01 -2.9812412410793066e-02
    1.0048833807584641e-01 -2.8257639380985393e+02
    -1.7838212249608100e+02 1.5194038772515398e+03
    -2.1210250745484438e-01 8.6975418157573484e-03
    1.1503793172757489e-01 -3.1201253916411730e+02
    -1.9507411560221351e+02 1.5275863625996324e+03
    -1.5815963416872805e-01 -2.0954088622523178e-02
    2.7135602518934077e-01 -2.7494758341127658e+02
    -3.5787672510733080e+02 1.5709124092643960e+03
    -2.8384395305027482e-01 5.4141124594164602e-01
    2.4511918510230690e-01 -1.1135792131904495e+02
    -2.4382266798597004e+02 2.1355995132749176e+03
    -2.5113852139166870e-01 5.0768021489279846e-01
    1.6421463845316703e-01 2.0302352893009081e+02 9.3245688953067443e+01
    2.3173978621345896e+03 -2.6213171149140146e-01
    4.8005500646564619e-01 1.7609232455770599e-01 1.9287193172325684e+02
    8.3978849160016395e+01 2.2776622730167724e+03
    -2.5700626486761785e-01 4.9432484009885397e-01
    1.7705192354581864e-01 1.6861573748398297e+02 6.6369563892532582e+01
    2.2510223121854601e+03 7.8021411004625105e-02
    -2.7396799068220951e-01 2.0934358445860668e-01
    -3.1777761954143250e+02 -2.7557214446853357e+02
    1.8010452739920884e+03 3.5334053035427401e-02
    -5.6246027098916640e-01 1.6972951352778046e-01
    -3.3553767566912319e+02 -2.8766891853283329e+02
    1.3750636033120081e+03 4.1272690288698274e-02
    -6.0220411234756865e-01 1.2970592952881513e-01
    -3.9243514642708647e+02 -2.6370496425595138e+02
    1.2606412004380577e+03 1.1169506697564202e-01
    -5.4903440487845656e-01 1.5904269529160159e-01
    -4.1019395825705431e+02 -2.3165259149420214e+02
    1.1948110656453430e+03 3.5518049120821110e-01
    -3.7072776506028116e-01 1.9469233285746909e-01
    -4.6467178754208601e+02 -1.5160786619996088e+02
    1.4577353642967300e+03 7.3460160902924398e-02
    -2.1418551690605575e-01 1.3692909870750439e-01
    -3.3635167428943748e+02 -1.7203666601793651e+02
    1.5182393040978177e+03 -8.6317931487331790e-03
    -4.0904493832921969e-03 1.2254988843066895e-01
    -3.5485263337692720e+02 -1.3733692099022244e+02
    1.5580900925566859e+03 1.7441278963530527e-02
    -5.7407130116404817e-02 2.9852393624029867e-02
    -3.2523704975618318e+02 -1.1890900743587791e+02
    1.5529957388790765e+03 3.9150026478012120e-02
    -3.7298056378402250e-02 2.7042530072743088e-02
    -3.2729072447223467e+02 -1.1814743483525524e+02
    1.5475564168866320e+03 -1.4054845346123930e-02
    -2.2204306097925314e-02 2.4318281054799280e-02
    -3.2896857570051861e+02 -1.1796432593013017e+02
    1.5751721515555289e+03 -3.3656459430785553e-02
    1.1348161186877774e-02 1.4039289818724402e-02
    -3.2577271466506852e+02 -1.2883757273215315e+02
    1.5063252267134130e+03 -4.8079113419561170e-02
    -9.3885431977725961e-02 -3.1286499080059880e+00
    -1.5642455215911019e+01 1.2326786108615276e+02
    1.1601551727710169e+03 -2.7421985893952117e-02
    -7.8328867319001044e-02 -3.1245180944234616e+00
    -1.2059598931912454e+01 9.2769845442278566e+01
    9.6675855990643538e+02 -5.8513427126522119e-02
    -2.1116114082271265e-01 -3.1146554959664985e+00
    -4.1302017676014863e+01 8.2593452175647528e+01
    9.0606376344321006e+02 -1.9498696758210997e-02
    -1.7720176751130251e-01 -3.1181005700589544e+00
    -5.7903757466586022e+01 7.7979444314049829e+01
    8.8585996395477491e+02 -1.2483528076439600e-02
    -1.7122461762806657e-01 -3.1180038871038538e+00
    -5.7881837712911803e+01 7.7880505311996814e+01
    8.8487950792952608e+02</data></Extrinsic_Parameters>
