<?xml version="1.0"?>
<opencv_storage>
<calibration_Time>"Thu 11 Feb 2016 05:18:04 PM UTC"</calibration_Time>
<nrOfFrames>25</nrOfFrames>
<image_Width>640</image_Width>
<image_Height>480</image_Height>
<board_Width>7</board_Width>
<board_Height>7</board_Height>
<square_Size>50.</square_Size>
<FixAspectRatio>1.</FixAspectRatio>
<!-- flags:  +fix_aspectRatio +fix_principal_point +zero_tangent_dist -->
<flagValue>14</flagValue>
<Camera_Matrix type_id="opencv-matrix">
  <rows>3</rows>
  <cols>3</cols>
  <dt>d</dt>
  <data>
    3.3847700128399583e+02 0. 320. 0. 3.3847700128399583e+02 240. 0. 0.
    1.</data></Camera_Matrix>
<Distortion_Coefficients type_id="opencv-matrix">
  <rows>5</rows>
  <cols>1</cols>
  <dt>d</dt>
  <data>
    -2.6418784641518467e-01 9.3976578491921745e-02 0. 0.
    -1.8728939516169007e-02</data></Distortion_Coefficients>
<Avg_Reprojection_Error>1.1431758978533890e+00</Avg_Reprojection_Error>
<Per_View_Reprojection_Errors type_id="opencv-matrix">
  <rows>25</rows>
  <cols>1</cols>
  <dt>f</dt>
  <data>
    1.40678898e-01 1.68063611e-01 1.70716166e-01 1.67892322e-01
    1.53547838e-01 5.29404926e+00 1.82281721e+00 2.72068202e-01
    2.74441659e-01 2.71903366e-01 2.23253444e-01 2.60395408e-01
    3.19470584e-01 2.19799265e-01 2.60031521e-01 3.03675145e-01
    2.88493514e-01 2.73837179e-01 2.51088172e-01 2.62798786e-01
    1.77862257e-01 1.91024169e-01 1.85959250e-01 1.90336972e-01
    3.35157752e-01</data></Per_View_Reprojection_Errors>
<!-- a set of 6-tuples (rotation vector + translation vector) for each view -->
<Extrinsic_Parameters type_id="opencv-matrix">
  <rows>25</rows>
  <cols>6</cols>
  <dt>d</dt>
  <data>
    -7.8020689841519164e-02 5.0397814885700686e-02
    4.1326544543415153e-02 -1.3009047199405924e+02
    -1.1857058738288116e+02 1.1128894928641155e+03
    -6.3633518997949598e-02 3.4691691694495888e-02
    4.0555178416023289e-02 -1.3203876001744530e+02
    -1.1186691017598847e+02 1.0944266937888733e+03
    -7.9102508984021963e-02 2.3835919700479134e-02
    5.2454628407627941e-02 -1.3375433144410988e+02
    -1.1189708386830743e+02 1.0987577058757147e+03
    -5.6502714370219365e-02 2.4956203515232905e-02
    2.2520715147819718e-02 -1.5674450894634941e+02
    -1.1703498638576123e+02 1.1083827164860234e+03
    -3.5064330802293465e-02 4.9468223796562905e-02
    2.0696916448323128e-02 -8.5866913770296208e+01
    -1.4051648181723380e+02 1.1404403794908685e+03
    -7.5840875262362217e-02 -1.7694828149006719e-01
    -3.1409494744720852e+00 -4.1698913498031636e+01
    -2.2876081241724472e+02 1.1862256951150871e+03
    1.9020296343369828e-02 -1.9361511139153342e-01
    3.1326540148248814e+00 2.2077389422151015e+01
    -2.0740688307973645e+02 1.1612527823486855e+03
    7.5460895938015193e-02 -4.1722732809871943e-01
    3.0981416505103425e+00 9.3208843817051488e+01
    -3.1389951675449527e+02 1.0814988515272216e+03
    7.7713361568377076e-02 -3.9949198489328647e-01
    3.0981224143403754e+00 9.2066260269590273e+01
    -3.0270640023259523e+02 1.0711374943514707e+03
    2.5222627389248659e-01 3.9440069966973745e-02
    -8.3028183005353848e-03 -1.9978901746601494e+02
    -5.9533831961175326e+02 1.0034178085080566e+03
    4.8904895800196968e-02 -3.9273396490951068e-01
    3.1121538737707004e+00 1.0975795549804309e+02
    -3.1013218575785618e+02 1.0671851258355341e+03
    2.4450678173462212e-01 3.8692959505926973e-02
    -1.9413524389268859e-03 -1.7487179090809116e+02
    -5.9733161445725193e+02 1.0005421676422150e+03
    -9.4629312591274106e-02 4.6456957248075137e-01
    -3.1083493895619601e+00 1.6275854993630489e+02
    -3.3048097333073844e+02 9.4071570619664010e+02
    1.3353458686206765e-01 -3.6312303757863246e-01
    3.0517990506024932e+00 3.8791589678637871e+02
    -3.0261582411607924e+02 9.4841855501705788e+02
    1.2202200714075190e-01 -3.6542146990628943e-01
    3.0603233466276332e+00 3.8708727149957286e+02
    -3.0865057461685115e+02 9.1728414927970960e+02
    1.9494174334183800e-01 7.7335897218680547e-02 3.3543930016940102e-02
    -2.5459947535130431e+02 -6.0739883141314601e+02
    9.0964502983602847e+02 -1.3111947395179538e-01
    2.5616185441260358e-01 -3.1203606257006347e+00
    -1.5697728634288654e+02 -2.2241656593932871e+02
    8.9715523838889578e+02 9.0421337127850207e-02
    -2.5421396107021410e-01 3.1212247461112517e+00
    -1.5666483177608220e+02 -2.0568138674947716e+02
    8.7835868720146550e+02 5.6304169259661557e-02
    -2.5507457919783977e-01 3.1257761764768790e+00
    -1.4584761847655733e+02 -2.0601554069975418e+02
    8.6596629912188837e+02 1.5580965127172008e-01
    -7.0205695732016613e-02 1.5425558992696033e+00
    -1.8627851186188312e+02 -4.0547262422396011e+02
    9.0193496653750424e+02 9.0135587394255007e-02
    -7.7263071320033391e-02 3.1089847937901287e+00
    -6.1067395379864173e+01 4.1428960718872514e+02
    1.0063286311876949e+03 1.3271148155506594e-02 4.6421557385657869e-02
    4.5775666596625884e-03 -2.6238303289731073e+02
    1.1702251383738248e+02 1.0542818151667525e+03 1.2764658527701936e-01
    4.9683115607918625e-02 3.1141458117830756e+00
    -1.1876359464662347e+01 4.0020310434901228e+02
    1.0685502925391884e+03 -1.1337217751021481e-01
    -4.0185837964473337e-02 3.1195179131627491e+00
    -1.4960288140643057e+01 3.1714831906361934e+02
    9.4045599132279119e+02 -3.1136881950856031e-02
    -2.0401903339873856e-01 1.1068784756073129e-01
    -7.3304227958945035e+02 -1.3848135645037902e+02
    6.6036880588564725e+02</data></Extrinsic_Parameters>
